Some((
    red: 0.15686274,
    green: 0.5019608,
    blue: 0.49019608,
))